5
1 5
1 2 2 2 1
1
9
1 2
1 3
1 4
2 3
3 4
4 2
2 5
3 5
4 5

4 3

2 5
2 2 2 1 2
9
3 2
3 4
4 1
1 3
4 2
2 4
4 5
1 5
3 5

4
1 4
1 2 2 2
1
6
1 2
1 3
2 3
3 2
2 4
3 4

5
1 5
1 2 1 2 1
1
7
1 2
2 3
2 5
3 5
3 4
1 4
4 5

9
1 9
1 2 1 2 1 2 1 2 1
1
24
1 2
2 3
3 4
2 9
3 9
4 9
5 9
6 9
7 9
8 9
5 6
6 7
7 8
8 5
1 5
1 6
1 7
1 8
2 6
2 7
3 7
3 8
4 8
4 5

11
1 11
1 2 1 2 1 2 1 2 1 2 1
1
25
1 2
1 5
2 3
2 5
2 6
2 11
3 4
3 7
3 10
3 11
4 6
4 9
4 11
5 6
5 11
6 7
6 11
7 8
7 11
8 9
8 11
9 10
9 11
10 5
10 11
//P4+C6

4
1 4
1 2 2 1
1
6
1 2
1 3
2 4
2 4
3 4
3 4
//tree


6
4 6
1 1 2 2 1 2
2
0 1 1 0 0 1
1 0 1 0 0 1
1 1 0 0 0 1
1 1 0 0 1 0
0 0 1 0 0 1
0 0 0 0 0 0
P2+C6
//TODO: edge 4->5 behaves strange





4
1 4
2 1 1 2
1
6
1 2
1 3
2 3
3 2
3 4
2 4
// P1+C2











1 10


10
8 7
1 2 1 2 1 2 1 1 2 1

2
0 1 0 1 0 0 1 0 0 0
0 0 1 0 1 0 1 0 0 0
0 0 0 1 0 1 1 0 0 0
1 0 0 0 1 0 1 0 0 0
0 1 0 0 0 1 1 0 0 0
1 0 1 0 0 0 1 0 0 0
0 0 0 0 0 0 0 0 0 0
0 0 0 0 0 0 0 0 1 1
1 0 1 0 1 0 1 0 0 1
0 1 0 1 0 1 1 0 0 0












5
1 5
1 2 1 2 1
2
0 1 0 1 0
0 0 1 0 1
0 0 0 1 1
0 0 1 0 1
0 0 0 0 0


6
5 6
1 1 2 2 2 2

2
0 1 1 1 0 1
1 0 1 1 0 1
1 1 0 1 0 1
1 1 1 0 0 1
1 1 1 1 0 1
0 0 0 0 0 0


1
4
1 4
1 2 2 1

4
1 2
1 3
2 4
3 4